,Unnamed: 0,id,departLane,type,route,depart
0,0,0,0,traditionCar,E01,0
1,1,1,0,autoCar,E01,2
2,2,2,0,autoCar,E01,4
3,3,3,0,autoCar,E01,5
4,4,4,0,traditionCar,E01,6
5,5,5,0,autoCar,E01,12
6,6,6,0,traditionCar,E01,14
7,7,7,0,traditionCar,E01,17
8,8,8,0,autoCar,E01,22
9,9,9,0,traditionCar,E01,31
10,10,10,0,autoCar,E01,32
11,11,11,0,traditionCar,E01,38
12,12,12,0,traditionCar,E01,41
13,13,13,0,traditionCar,E01,43
14,14,14,0,traditionCar,E01,44
15,15,15,0,autoCar,E01,44
16,16,16,0,autoCar,E01,47
17,17,17,0,autoCar,E01,47
18,18,18,0,traditionCar,E01,48
19,19,19,0,traditionCar,E01,56
20,20,20,0,autoCar,E01,60
21,21,21,0,autoCar,E01,68
22,22,22,0,traditionCar,E01,68
23,23,23,0,autoCar,E01,68
24,24,24,0,autoCar,E01,69
25,25,25,0,traditionCar,E01,69
26,26,26,0,autoCar,E01,74
27,27,27,0,autoCar,E01,76
28,28,28,0,traditionCar,E01,77
29,29,29,0,autoCar,E01,80
30,30,30,0,traditionCar,E01,80
31,31,31,0,traditionCar,E01,80
32,32,32,0,autoCar,E01,80
33,33,33,0,autoCar,E01,83
34,34,34,0,autoCar,E01,85
35,35,35,0,autoCar,E01,93
36,36,36,0,traditionCar,E01,101
37,37,37,0,traditionCar,E01,108
38,38,38,0,autoCar,E01,109
39,39,39,0,autoCar,E01,113
40,40,40,0,traditionCar,E01,114
41,41,41,0,autoCar,E01,115
42,42,42,0,traditionCar,E01,121
43,43,43,0,traditionCar,E01,121
44,44,44,0,autoCar,E01,121
45,45,45,0,autoCar,E01,122
46,46,46,0,traditionCar,E01,127
47,47,47,0,traditionCar,E01,130
48,48,48,0,traditionCar,E01,137
49,49,49,0,autoCar,E01,139
50,50,50,0,autoCar,E01,142
51,51,51,0,autoCar,E01,145
52,52,52,0,autoCar,E01,147
53,53,53,0,traditionCar,E01,149
54,54,54,0,autoCar,E01,150
55,55,55,0,autoCar,E01,151
56,56,56,0,autoCar,E01,153
57,57,57,0,traditionCar,E01,155
58,58,58,0,autoCar,E01,161
59,59,59,0,traditionCar,E01,164
60,60,60,0,autoCar,E01,164
61,61,61,0,autoCar,E01,166
62,62,62,0,traditionCar,E01,166
63,63,63,0,autoCar,E01,166
64,64,64,0,traditionCar,E01,167
65,65,65,0,autoCar,E01,170
66,66,66,0,traditionCar,E01,173
67,67,67,0,autoCar,E01,173
68,68,68,0,traditionCar,E01,179
69,69,69,0,autoCar,E01,179
70,70,70,0,autoCar,E01,179
71,71,71,0,autoCar,E01,181
72,72,72,0,autoCar,E01,191
73,73,73,0,traditionCar,E01,191
74,74,74,0,traditionCar,E01,193
75,75,75,0,autoCar,E01,194
76,76,76,0,autoCar,E01,194
77,77,77,0,traditionCar,E01,196
78,78,78,0,autoCar,E01,196
79,79,79,0,autoCar,E01,197
80,80,80,0,autoCar,E01,210
81,81,81,0,traditionCar,E01,214
82,82,82,0,autoCar,E01,214
83,83,83,0,traditionCar,E01,216
84,84,84,0,autoCar,E01,217
85,85,85,0,autoCar,E01,217
86,86,86,0,autoCar,E01,218
87,87,87,0,autoCar,E01,223
88,88,88,0,traditionCar,E01,224
89,89,89,0,autoCar,E01,229
90,90,90,0,autoCar,E01,236
91,91,91,0,traditionCar,E01,241
92,92,92,0,autoCar,E01,249
93,93,93,0,autoCar,E01,263
94,94,94,0,traditionCar,E01,265
95,95,95,0,traditionCar,E01,265
96,96,96,0,autoCar,E01,272
97,97,97,0,autoCar,E01,272
98,98,98,0,autoCar,E01,274
99,99,99,0,autoCar,E01,279
100,100,100,0,autoCar,E01,295
101,101,101,0,traditionCar,E01,295
102,102,102,0,autoCar,E01,302
103,103,103,0,autoCar,E01,302
104,104,104,0,traditionCar,E01,307
105,105,105,0,autoCar,E01,307
106,106,106,0,autoCar,E01,308
107,107,107,0,traditionCar,E01,314
108,108,108,0,traditionCar,E01,327
109,109,109,0,autoCar,E01,329
110,110,110,0,autoCar,E01,345
111,111,111,0,autoCar,E01,345
112,112,112,0,autoCar,E01,351
113,113,113,0,autoCar,E01,352
114,114,114,0,traditionCar,E01,354
115,115,115,0,traditionCar,E01,359
116,116,116,0,autoCar,E01,365
117,117,117,0,traditionCar,E01,370
118,118,118,0,traditionCar,E01,372
119,119,119,0,autoCar,E01,372
120,120,120,0,autoCar,E01,372
121,121,121,0,autoCar,E01,375
122,122,122,0,autoCar,E01,375
123,123,123,0,autoCar,E01,376
124,124,124,0,autoCar,E01,377
125,125,125,0,autoCar,E01,379
126,126,126,0,autoCar,E01,381
127,127,127,0,autoCar,E01,386
128,128,128,0,autoCar,E01,389
129,129,129,0,autoCar,E01,392
130,130,130,0,autoCar,E01,392
131,131,131,0,autoCar,E01,400
132,132,132,0,autoCar,E01,401
133,133,133,0,traditionCar,E01,403
134,134,134,0,traditionCar,E01,408
135,135,135,0,autoCar,E01,408
136,136,136,0,traditionCar,E01,410
137,137,137,0,autoCar,E01,411
138,138,138,0,autoCar,E01,416
139,139,139,0,autoCar,E01,418
140,140,140,0,traditionCar,E01,427
141,141,141,0,autoCar,E01,434
142,142,142,0,autoCar,E01,435
143,143,143,0,traditionCar,E01,442
144,144,144,0,autoCar,E01,444
145,145,145,0,autoCar,E01,444
146,146,146,0,autoCar,E01,449
147,147,147,0,autoCar,E01,457
148,148,148,0,traditionCar,E01,458
149,149,149,0,traditionCar,E01,458
150,150,150,0,traditionCar,E01,459
151,151,151,0,traditionCar,E01,461
152,152,152,0,autoCar,E01,471
153,153,153,0,autoCar,E01,473
154,154,154,0,autoCar,E01,473
155,155,155,0,autoCar,E01,474
156,156,156,0,autoCar,E01,478
157,157,157,0,traditionCar,E01,481
158,158,158,0,autoCar,E01,490
159,159,159,0,autoCar,E01,495
160,160,160,0,autoCar,E01,497
161,161,161,0,traditionCar,E01,497
162,162,162,0,autoCar,E01,502
163,163,163,0,autoCar,E01,504
164,164,164,0,traditionCar,E01,504
165,165,165,0,traditionCar,E01,507
166,166,166,0,autoCar,E01,512
167,167,167,0,autoCar,E01,514
168,168,168,0,traditionCar,E01,521
169,169,169,0,autoCar,E01,525
170,170,170,0,autoCar,E01,525
171,171,171,0,autoCar,E01,526
172,172,172,0,traditionCar,E01,527
173,173,173,0,traditionCar,E01,528
174,174,174,0,traditionCar,E01,528
175,175,175,0,traditionCar,E01,529
176,176,176,0,autoCar,E01,529
177,177,177,0,autoCar,E01,530
178,178,178,0,traditionCar,E01,534
179,179,179,0,traditionCar,E01,538
180,180,180,0,traditionCar,E01,556
181,181,181,0,traditionCar,E01,557
182,182,182,0,autoCar,E01,561
183,183,183,0,autoCar,E01,561
184,184,184,0,autoCar,E01,563
185,185,185,0,autoCar,E01,564
186,186,186,0,autoCar,E01,566
187,187,187,0,autoCar,E01,570
188,188,188,0,autoCar,E01,570
189,189,189,0,traditionCar,E01,571
190,190,190,0,autoCar,E01,572
191,191,191,0,traditionCar,E01,574
192,192,192,0,autoCar,E01,576
193,193,193,0,autoCar,E01,579
194,194,194,0,traditionCar,E01,593
195,195,195,0,traditionCar,E01,608
196,196,196,0,autoCar,E01,610
197,197,197,0,traditionCar,E01,615
198,198,198,0,traditionCar,E01,621
199,199,199,0,autoCar,E01,623
200,200,200,0,autoCar,E01,627
201,201,201,0,traditionCar,E01,627
202,202,202,0,autoCar,E01,630
203,203,203,0,traditionCar,E01,630
204,204,204,0,autoCar,E01,631
205,205,205,0,autoCar,E01,633
206,206,206,0,traditionCar,E01,634
207,207,207,0,traditionCar,E01,639
208,208,208,0,autoCar,E01,644
209,209,209,0,autoCar,E01,646
210,210,210,0,traditionCar,E01,648
211,211,211,0,traditionCar,E01,648
212,212,212,0,traditionCar,E01,650
213,213,213,0,autoCar,E01,650
214,214,214,0,autoCar,E01,655
215,215,215,0,traditionCar,E01,662
216,216,216,0,traditionCar,E01,675
217,217,217,0,traditionCar,E01,678
218,218,218,0,autoCar,E01,678
219,219,219,0,autoCar,E01,679
220,220,220,0,autoCar,E01,680
221,221,221,0,traditionCar,E01,684
222,222,222,0,autoCar,E01,685
223,223,223,0,autoCar,E01,685
224,224,224,0,autoCar,E01,689
225,225,225,0,traditionCar,E01,691
226,226,226,0,traditionCar,E01,691
227,227,227,0,autoCar,E01,699
228,228,228,0,autoCar,E01,706
229,229,229,0,traditionCar,E01,708
230,230,230,0,autoCar,E01,708
231,231,231,0,autoCar,E01,713
232,232,232,0,autoCar,E01,717
233,233,233,0,traditionCar,E01,718
234,234,234,0,traditionCar,E01,724
235,235,235,0,traditionCar,E01,728
236,236,236,0,autoCar,E01,730
237,237,237,0,traditionCar,E01,731
238,238,238,0,traditionCar,E01,735
239,239,239,0,autoCar,E01,736
240,240,240,0,autoCar,E01,737
241,241,241,0,autoCar,E01,741
242,242,242,0,traditionCar,E01,741
243,243,243,0,autoCar,E01,742
244,244,244,0,traditionCar,E01,743
245,245,245,0,autoCar,E01,744
246,246,246,0,autoCar,E01,747
247,247,247,0,autoCar,E01,753
248,248,248,0,autoCar,E01,755
249,249,249,0,traditionCar,E01,758
250,250,250,0,autoCar,E01,760
251,251,251,0,autoCar,E01,761
252,252,252,0,autoCar,E01,761
253,253,253,0,traditionCar,E01,761
254,254,254,0,traditionCar,E01,767
255,255,255,0,autoCar,E01,767
256,256,256,0,traditionCar,E01,767
257,257,257,0,autoCar,E01,773
258,258,258,0,autoCar,E01,778
259,259,259,0,traditionCar,E01,778
260,260,260,0,autoCar,E01,780
261,261,261,0,autoCar,E01,782
262,262,262,0,traditionCar,E01,783
263,263,263,0,autoCar,E01,788
264,264,264,0,traditionCar,E01,791
265,265,265,0,autoCar,E01,793
266,266,266,0,autoCar,E01,793
267,267,267,0,traditionCar,E01,793
268,268,268,0,autoCar,E01,793
269,269,269,0,autoCar,E01,800
270,270,270,0,traditionCar,E01,802
271,271,271,0,traditionCar,E01,807
272,272,272,0,autoCar,E01,807
273,273,273,0,autoCar,E01,809
274,274,274,0,traditionCar,E01,818
275,275,275,0,traditionCar,E01,818
276,276,276,0,autoCar,E01,823
277,277,277,0,autoCar,E01,825
278,278,278,0,autoCar,E01,825
279,279,279,0,autoCar,E01,825
280,280,280,0,autoCar,E01,829
281,281,281,0,autoCar,E01,829
282,282,282,0,traditionCar,E01,829
283,283,283,0,traditionCar,E01,833
284,284,284,0,traditionCar,E01,836
285,285,285,0,autoCar,E01,839
286,286,286,0,traditionCar,E01,851
287,287,287,0,traditionCar,E01,852
288,288,288,0,traditionCar,E01,853
289,289,289,0,autoCar,E01,854
290,290,290,0,autoCar,E01,861
291,291,291,0,autoCar,E01,867
292,292,292,0,autoCar,E01,868
293,293,293,0,autoCar,E01,868
294,294,294,0,traditionCar,E01,870
295,295,295,0,autoCar,E01,870
296,296,296,0,traditionCar,E01,870
297,297,297,0,autoCar,E01,872
298,298,298,0,autoCar,E01,877
299,299,299,0,autoCar,E01,878
300,300,300,0,traditionCar,E01,879
301,301,301,0,autoCar,E01,881
302,302,302,0,traditionCar,E01,884
303,303,303,0,traditionCar,E01,886
304,304,304,0,autoCar,E01,897
305,305,305,0,traditionCar,E01,898
306,306,306,0,autoCar,E01,902
307,307,307,0,autoCar,E01,902
308,308,308,0,traditionCar,E01,903
309,309,309,0,traditionCar,E01,903
310,310,310,0,autoCar,E01,905
311,311,311,0,autoCar,E01,905
312,312,312,0,autoCar,E01,906
313,313,313,0,autoCar,E01,908
314,314,314,0,traditionCar,E01,910
315,315,315,0,traditionCar,E01,910
316,316,316,0,autoCar,E01,910
317,317,317,0,autoCar,E01,915
318,318,318,0,autoCar,E01,915
319,319,319,0,autoCar,E01,918
320,320,320,0,traditionCar,E01,919
321,321,321,0,autoCar,E01,922
322,322,322,0,autoCar,E01,934
323,323,323,0,traditionCar,E01,936
324,324,324,0,autoCar,E01,937
325,325,325,0,traditionCar,E01,941
326,326,326,0,traditionCar,E01,944
327,327,327,0,autoCar,E01,950
328,328,328,0,autoCar,E01,958
329,329,329,0,autoCar,E01,961
330,330,330,0,traditionCar,E01,961
331,331,331,0,traditionCar,E01,966
332,332,332,0,traditionCar,E01,971
333,333,333,0,traditionCar,E01,971
334,334,334,0,traditionCar,E01,973
335,335,335,0,autoCar,E01,974
336,336,336,0,autoCar,E01,984
337,337,337,0,traditionCar,E01,984
338,338,338,0,autoCar,E01,984
339,339,339,0,autoCar,E01,987
340,340,340,0,autoCar,E01,989
341,341,341,0,autoCar,E01,993
342,342,342,0,traditionCar,E01,995
343,343,343,0,traditionCar,E01,995
344,344,344,0,autoCar,E01,1000
345,345,345,0,traditionCar,E01,1005
346,346,346,0,traditionCar,E01,1008
347,347,347,0,autoCar,E01,1011
348,348,348,0,traditionCar,E01,1013
349,349,349,0,traditionCar,E01,1019
350,350,350,0,autoCar,E01,1019
351,351,351,0,autoCar,E01,1020
352,352,352,0,traditionCar,E01,1028
353,353,353,0,traditionCar,E01,1032
354,354,354,0,traditionCar,E01,1038
355,355,355,0,autoCar,E01,1049
356,356,356,0,traditionCar,E01,1050
357,357,357,0,autoCar,E01,1056
358,358,358,0,autoCar,E01,1057
359,359,359,0,autoCar,E01,1059
360,360,360,0,traditionCar,E01,1059
361,361,361,0,autoCar,E01,1060
362,362,362,0,traditionCar,E01,1065
363,363,363,0,traditionCar,E01,1068
364,364,364,0,autoCar,E01,1068
365,365,365,0,traditionCar,E01,1068
366,366,366,0,autoCar,E01,1068
367,367,367,0,traditionCar,E01,1068
368,368,368,0,traditionCar,E01,1070
369,369,369,0,autoCar,E01,1072
370,370,370,0,autoCar,E01,1075
371,371,371,0,traditionCar,E01,1075
372,372,372,0,autoCar,E01,1086
373,373,373,0,traditionCar,E01,1086
374,374,374,0,autoCar,E01,1088
375,375,375,0,autoCar,E01,1088
376,376,376,0,autoCar,E01,1094
377,377,377,0,autoCar,E01,1095
378,378,378,0,traditionCar,E01,1106
379,379,379,0,autoCar,E01,1112
380,380,380,0,traditionCar,E01,1113
381,381,381,0,autoCar,E01,1113
382,382,382,0,traditionCar,E01,1114
383,383,383,0,autoCar,E01,1116
384,384,384,0,autoCar,E01,1117
385,385,385,0,autoCar,E01,1118
386,386,386,0,traditionCar,E01,1119
387,387,387,0,autoCar,E01,1120
388,388,388,0,traditionCar,E01,1120
389,389,389,0,autoCar,E01,1120
390,390,390,0,autoCar,E01,1121
391,391,391,0,autoCar,E01,1121
392,392,392,0,autoCar,E01,1123
393,393,393,0,autoCar,E01,1129
394,394,394,0,autoCar,E01,1131
395,395,395,0,autoCar,E01,1137
396,396,396,0,autoCar,E01,1138
397,397,397,0,autoCar,E01,1138
398,398,398,0,traditionCar,E01,1143
399,399,399,0,autoCar,E01,1144
400,400,400,0,autoCar,E01,1151
401,401,401,0,traditionCar,E01,1155
402,402,402,0,traditionCar,E01,1160
403,403,403,0,autoCar,E01,1160
404,404,404,0,autoCar,E01,1160
405,405,405,0,traditionCar,E01,1161
406,406,406,0,autoCar,E01,1163
407,407,407,0,autoCar,E01,1163
408,408,408,0,traditionCar,E01,1164
409,409,409,0,autoCar,E01,1171
410,410,410,0,autoCar,E01,1171
411,411,411,0,autoCar,E01,1172
412,412,412,0,autoCar,E01,1174
413,413,413,0,autoCar,E01,1174
414,414,414,0,autoCar,E01,1177
415,415,415,0,autoCar,E01,1189
416,416,416,0,traditionCar,E01,1197
417,417,417,0,autoCar,E01,1197
418,418,418,0,autoCar,E01,1205
419,419,419,0,autoCar,E01,1208
420,420,420,0,autoCar,E01,1211
421,421,421,0,traditionCar,E01,1222
422,422,422,0,traditionCar,E01,1225
423,423,423,0,autoCar,E01,1232
424,424,424,0,autoCar,E01,1233
425,425,425,0,traditionCar,E01,1233
426,426,426,0,autoCar,E01,1233
427,427,427,0,autoCar,E01,1234
428,428,428,0,autoCar,E01,1238
429,429,429,0,autoCar,E01,1238
430,430,430,0,autoCar,E01,1241
431,431,431,0,autoCar,E01,1242
432,432,432,0,traditionCar,E01,1252
433,433,433,0,autoCar,E01,1258
434,434,434,0,traditionCar,E01,1261
435,435,435,0,autoCar,E01,1262
436,436,436,0,autoCar,E01,1262
437,437,437,0,traditionCar,E01,1262
438,438,438,0,traditionCar,E01,1268
439,439,439,0,traditionCar,E01,1270
440,440,440,0,autoCar,E01,1271
441,441,441,0,autoCar,E01,1273
442,442,442,0,traditionCar,E01,1274
443,443,443,0,traditionCar,E01,1278
444,444,444,0,autoCar,E01,1284
445,445,445,0,autoCar,E01,1285
446,446,446,0,autoCar,E01,1285
447,447,447,0,traditionCar,E01,1286
448,448,448,0,autoCar,E01,1301
449,449,449,0,traditionCar,E01,1308
450,450,450,0,traditionCar,E01,1308
451,451,451,0,traditionCar,E01,1311
452,452,452,0,autoCar,E01,1315
453,453,453,0,autoCar,E01,1315
454,454,454,0,autoCar,E01,1321
455,455,455,0,autoCar,E01,1321
456,456,456,0,autoCar,E01,1334
457,457,457,0,traditionCar,E01,1335
458,458,458,0,traditionCar,E01,1347
459,459,459,0,traditionCar,E01,1348
460,460,460,0,autoCar,E01,1350
461,461,461,0,traditionCar,E01,1357
462,462,462,0,autoCar,E01,1363
463,463,463,0,traditionCar,E01,1364
464,464,464,0,traditionCar,E01,1364
465,465,465,0,autoCar,E01,1372
466,466,466,0,autoCar,E01,1373
467,467,467,0,autoCar,E01,1380
468,468,468,0,traditionCar,E01,1380
469,469,469,0,traditionCar,E01,1382
470,470,470,0,autoCar,E01,1382
471,471,471,0,traditionCar,E01,1382
472,472,472,0,traditionCar,E01,1386
473,473,473,0,autoCar,E01,1391
474,474,474,0,autoCar,E01,1395
475,475,475,0,autoCar,E01,1397
476,476,476,0,autoCar,E01,1400
477,477,477,0,traditionCar,E01,1401
478,478,478,0,autoCar,E01,1402
479,479,479,0,traditionCar,E01,1402
480,480,480,0,traditionCar,E01,1403
481,481,481,0,traditionCar,E01,1408
482,482,482,0,autoCar,E01,1421
483,483,483,0,autoCar,E01,1422
484,484,484,0,traditionCar,E01,1427
485,485,485,0,traditionCar,E01,1427
486,486,486,0,autoCar,E01,1427
487,487,487,0,traditionCar,E01,1427
488,488,488,0,autoCar,E01,1427
489,489,489,0,traditionCar,E01,1434
490,490,490,0,autoCar,E01,1455
491,491,491,0,traditionCar,E01,1455
492,492,492,0,traditionCar,E01,1455
493,493,493,0,autoCar,E01,1457
494,494,494,0,autoCar,E01,1458
495,495,495,0,traditionCar,E01,1460
496,496,496,0,traditionCar,E01,1464
497,497,497,0,autoCar,E01,1466
498,498,498,0,traditionCar,E01,1470
499,499,499,0,traditionCar,E01,1470
500,500,500,0,traditionCar,E01,1470
501,501,501,0,autoCar,E01,1470
502,502,502,0,traditionCar,E01,1472
503,503,503,0,autoCar,E01,1479
504,504,504,0,autoCar,E01,1484
505,505,505,0,autoCar,E01,1489
506,506,506,0,autoCar,E01,1489
507,507,507,0,autoCar,E01,1490
508,508,508,0,autoCar,E01,1492
509,509,509,0,autoCar,E01,1498
510,510,510,0,autoCar,E01,1500
511,511,511,0,autoCar,E01,1501
512,512,512,0,autoCar,E01,1504
513,513,513,0,traditionCar,E01,1504
514,514,514,0,traditionCar,E01,1508
515,515,515,0,autoCar,E01,1508
516,516,516,0,traditionCar,E01,1511
517,517,517,0,traditionCar,E01,1511
518,518,518,0,traditionCar,E01,1514
519,519,519,0,autoCar,E01,1516
520,520,520,0,autoCar,E01,1517
521,521,521,0,traditionCar,E01,1518
522,522,522,0,autoCar,E01,1518
523,523,523,0,autoCar,E01,1526
524,524,524,0,autoCar,E01,1533
525,525,525,0,autoCar,E01,1535
526,526,526,0,traditionCar,E01,1538
527,527,527,0,autoCar,E01,1541
528,528,528,0,autoCar,E01,1545
529,529,529,0,autoCar,E01,1547
530,530,530,0,autoCar,E01,1548
531,531,531,0,autoCar,E01,1548
532,532,532,0,autoCar,E01,1548
533,533,533,0,autoCar,E01,1553
534,534,534,0,autoCar,E01,1570
535,535,535,0,autoCar,E01,1570
536,536,536,0,autoCar,E01,1572
537,537,537,0,traditionCar,E01,1574
538,538,538,0,autoCar,E01,1578
539,539,539,0,autoCar,E01,1583
540,540,540,0,traditionCar,E01,1583
541,541,541,0,traditionCar,E01,1585
542,542,542,0,autoCar,E01,1596
543,543,543,0,traditionCar,E01,1596
544,544,544,0,autoCar,E01,1596
545,545,545,0,traditionCar,E01,1597
546,546,546,0,autoCar,E01,1600
547,547,547,0,traditionCar,E01,1601
548,548,548,0,traditionCar,E01,1604
549,549,549,0,autoCar,E01,1606
550,550,550,0,autoCar,E01,1608
551,551,551,0,autoCar,E01,1608
552,552,552,0,traditionCar,E01,1615
553,553,553,0,autoCar,E01,1620
554,554,554,0,autoCar,E01,1622
555,555,555,0,autoCar,E01,1625
556,556,556,0,autoCar,E01,1626
557,557,557,0,autoCar,E01,1626
558,558,558,0,autoCar,E01,1627
559,559,559,0,autoCar,E01,1627
560,560,560,0,autoCar,E01,1638
561,561,561,0,traditionCar,E01,1638
562,562,562,0,autoCar,E01,1642
563,563,563,0,autoCar,E01,1642
564,564,564,0,autoCar,E01,1642
565,565,565,0,autoCar,E01,1647
566,566,566,0,traditionCar,E01,1647
567,567,567,0,autoCar,E01,1652
568,568,568,0,traditionCar,E01,1653
569,569,569,0,autoCar,E01,1656
570,570,570,0,traditionCar,E01,1657
571,571,571,0,autoCar,E01,1671
572,572,572,0,autoCar,E01,1675
573,573,573,0,autoCar,E01,1675
574,574,574,0,autoCar,E01,1687
575,575,575,0,autoCar,E01,1692
576,576,576,0,autoCar,E01,1700
577,577,577,0,autoCar,E01,1712
578,578,578,0,autoCar,E01,1715
579,579,579,0,autoCar,E01,1716
580,580,580,0,traditionCar,E01,1721
581,581,581,0,traditionCar,E01,1724
582,582,582,0,autoCar,E01,1724
583,583,583,0,autoCar,E01,1724
584,584,584,0,traditionCar,E01,1725
585,585,585,0,traditionCar,E01,1730
586,586,586,0,autoCar,E01,1733
587,587,587,0,traditionCar,E01,1734
588,588,588,0,autoCar,E01,1734
589,589,589,0,autoCar,E01,1735
590,590,590,0,traditionCar,E01,1740
591,591,591,0,traditionCar,E01,1740
592,592,592,0,traditionCar,E01,1740
593,593,593,0,autoCar,E01,1747
594,594,594,0,autoCar,E01,1747
595,595,595,0,autoCar,E01,1759
596,596,596,0,autoCar,E01,1759
597,597,597,0,traditionCar,E01,1764
598,598,598,0,autoCar,E01,1775
599,599,599,0,autoCar,E01,1775
600,600,600,0,autoCar,E01,1783
601,601,601,0,autoCar,E01,1784
602,602,602,0,autoCar,E01,1789
603,603,603,0,autoCar,E01,1790
604,604,604,0,traditionCar,E01,1791
605,605,605,0,autoCar,E01,1791
606,606,606,0,autoCar,E01,1794
607,607,607,0,autoCar,E01,1797
608,608,608,0,traditionCar,E01,1798
609,609,609,0,autoCar,E01,1805
610,610,610,0,traditionCar,E01,1805
611,611,611,0,autoCar,E01,1810
612,612,612,0,autoCar,E01,1817
613,613,613,0,autoCar,E01,1821
614,614,614,0,traditionCar,E01,1826
615,615,615,0,autoCar,E01,1829
616,616,616,0,autoCar,E01,1832
617,617,617,0,autoCar,E01,1836
618,618,618,0,autoCar,E01,1836
619,619,619,0,autoCar,E01,1836
620,620,620,0,traditionCar,E01,1837
621,621,621,0,traditionCar,E01,1841
622,622,622,0,autoCar,E01,1841
623,623,623,0,autoCar,E01,1847
624,624,624,0,traditionCar,E01,1861
625,625,625,0,traditionCar,E01,1864
626,626,626,0,autoCar,E01,1865
627,627,627,0,autoCar,E01,1867
628,628,628,0,autoCar,E01,1868
629,629,629,0,autoCar,E01,1872
630,630,630,0,autoCar,E01,1873
631,631,631,0,autoCar,E01,1882
632,632,632,0,autoCar,E01,1882
633,633,633,0,autoCar,E01,1882
634,634,634,0,autoCar,E01,1882
635,635,635,0,traditionCar,E01,1885
636,636,636,0,autoCar,E01,1892
637,637,637,0,autoCar,E01,1892
638,638,638,0,autoCar,E01,1892
639,639,639,0,autoCar,E01,1898
640,640,640,0,autoCar,E01,1898
641,641,641,0,traditionCar,E01,1905
642,642,642,0,traditionCar,E01,1918
643,643,643,0,autoCar,E01,1925
644,644,644,0,autoCar,E01,1931
645,645,645,0,autoCar,E01,1934
646,646,646,0,traditionCar,E01,1941
647,647,647,0,autoCar,E01,1963
648,648,648,0,traditionCar,E01,1973
649,649,649,0,traditionCar,E01,1974
650,650,650,0,autoCar,E01,1978
651,651,651,0,traditionCar,E01,1982
652,652,652,0,autoCar,E01,1983
653,653,653,0,traditionCar,E01,1984
654,654,654,0,traditionCar,E01,1988
655,655,655,0,traditionCar,E01,1994
656,656,656,0,traditionCar,E01,2004
657,657,657,0,traditionCar,E01,2005
658,658,658,0,traditionCar,E01,2005
659,659,659,0,autoCar,E01,2009
660,660,660,0,autoCar,E01,2013
661,661,661,0,traditionCar,E01,2014
662,662,662,0,autoCar,E01,2020
663,663,663,0,traditionCar,E01,2023
664,664,664,0,autoCar,E01,2033
665,665,665,0,autoCar,E01,2041
666,666,666,0,autoCar,E01,2066
667,667,667,0,autoCar,E01,2067
668,668,668,0,traditionCar,E01,2069
669,669,669,0,autoCar,E01,2081
670,670,670,0,autoCar,E01,2081
671,671,671,0,traditionCar,E01,2084
672,672,672,0,traditionCar,E01,2085
673,673,673,0,autoCar,E01,2085
674,674,674,0,traditionCar,E01,2088
675,675,675,0,traditionCar,E01,2088
676,676,676,0,traditionCar,E01,2090
677,677,677,0,traditionCar,E01,2093
678,678,678,0,autoCar,E01,2095
679,679,679,0,autoCar,E01,2095
680,680,680,0,traditionCar,E01,2096
681,681,681,0,autoCar,E01,2100
682,682,682,0,traditionCar,E01,2101
683,683,683,0,autoCar,E01,2102
684,684,684,0,traditionCar,E01,2102
685,685,685,0,autoCar,E01,2108
686,686,686,0,traditionCar,E01,2109
687,687,687,0,traditionCar,E01,2111
688,688,688,0,autoCar,E01,2112
689,689,689,0,traditionCar,E01,2114
690,690,690,0,traditionCar,E01,2116
691,691,691,0,traditionCar,E01,2116
692,692,692,0,autoCar,E01,2116
693,693,693,0,autoCar,E01,2116
694,694,694,0,traditionCar,E01,2116
695,695,695,0,autoCar,E01,2116
696,696,696,0,autoCar,E01,2116
697,697,697,0,traditionCar,E01,2116
698,698,698,0,autoCar,E01,2117
699,699,699,0,autoCar,E01,2120
700,700,700,0,autoCar,E01,2120
701,701,701,0,autoCar,E01,2123
702,702,702,0,traditionCar,E01,2125
703,703,703,0,traditionCar,E01,2125
704,704,704,0,autoCar,E01,2126
705,705,705,0,autoCar,E01,2128
706,706,706,0,traditionCar,E01,2129
707,707,707,0,traditionCar,E01,2130
708,708,708,0,traditionCar,E01,2130
709,709,709,0,autoCar,E01,2132
710,710,710,0,traditionCar,E01,2134
711,711,711,0,traditionCar,E01,2138
712,712,712,0,autoCar,E01,2140
713,713,713,0,traditionCar,E01,2141
714,714,714,0,autoCar,E01,2142
715,715,715,0,traditionCar,E01,2144
716,716,716,0,autoCar,E01,2148
717,717,717,0,autoCar,E01,2149
718,718,718,0,autoCar,E01,2152
719,719,719,0,autoCar,E01,2152
720,720,720,0,autoCar,E01,2169
721,721,721,0,autoCar,E01,2173
722,722,722,0,traditionCar,E01,2175
723,723,723,0,autoCar,E01,2181
724,724,724,0,traditionCar,E01,2185
725,725,725,0,traditionCar,E01,2193
726,726,726,0,traditionCar,E01,2204
727,727,727,0,traditionCar,E01,2215
728,728,728,0,autoCar,E01,2221
729,729,729,0,autoCar,E01,2225
730,730,730,0,traditionCar,E01,2231
731,731,731,0,autoCar,E01,2239
732,732,732,0,autoCar,E01,2239
733,733,733,0,traditionCar,E01,2240
734,734,734,0,traditionCar,E01,2241
735,735,735,0,autoCar,E01,2241
736,736,736,0,traditionCar,E01,2249
737,737,737,0,traditionCar,E01,2251
738,738,738,0,traditionCar,E01,2251
739,739,739,0,autoCar,E01,2251
740,740,740,0,traditionCar,E01,2251
741,741,741,0,autoCar,E01,2254
742,742,742,0,traditionCar,E01,2254
743,743,743,0,traditionCar,E01,2261
744,744,744,0,autoCar,E01,2263
745,745,745,0,autoCar,E01,2263
746,746,746,0,autoCar,E01,2265
747,747,747,0,traditionCar,E01,2269
748,748,748,0,autoCar,E01,2273
749,749,749,0,autoCar,E01,2275
750,750,750,0,traditionCar,E01,2280
751,751,751,0,autoCar,E01,2280
752,752,752,0,traditionCar,E01,2280
753,753,753,0,traditionCar,E01,2283
754,754,754,0,traditionCar,E01,2285
755,755,755,0,autoCar,E01,2285
756,756,756,0,autoCar,E01,2285
757,757,757,0,autoCar,E01,2286
758,758,758,0,autoCar,E01,2295
759,759,759,0,autoCar,E01,2303
760,760,760,0,autoCar,E01,2309
761,761,761,0,traditionCar,E01,2309
762,762,762,0,traditionCar,E01,2318
763,763,763,0,traditionCar,E01,2321
764,764,764,0,autoCar,E01,2323
765,765,765,0,traditionCar,E01,2325
766,766,766,0,autoCar,E01,2325
767,767,767,0,traditionCar,E01,2333
768,768,768,0,autoCar,E01,2333
769,769,769,0,traditionCar,E01,2333
770,770,770,0,autoCar,E01,2336
771,771,771,0,autoCar,E01,2347
772,772,772,0,traditionCar,E01,2347
773,773,773,0,autoCar,E01,2365
774,774,774,0,autoCar,E01,2368
775,775,775,0,autoCar,E01,2370
776,776,776,0,autoCar,E01,2370
777,777,777,0,traditionCar,E01,2377
778,778,778,0,traditionCar,E01,2385
779,779,779,0,autoCar,E01,2385
780,780,780,0,autoCar,E01,2387
781,781,781,0,traditionCar,E01,2387
782,782,782,0,autoCar,E01,2391
783,783,783,0,traditionCar,E01,2392
784,784,784,0,autoCar,E01,2394
785,785,785,0,autoCar,E01,2396
786,786,786,0,traditionCar,E01,2396
787,787,787,0,traditionCar,E01,2400
788,788,788,0,autoCar,E01,2409
789,789,789,0,traditionCar,E01,2415
790,790,790,0,traditionCar,E01,2421
791,791,791,0,traditionCar,E01,2421
792,792,792,0,autoCar,E01,2423
793,793,793,0,traditionCar,E01,2423
794,794,794,0,autoCar,E01,2423
795,795,795,0,traditionCar,E01,2424
796,796,796,0,autoCar,E01,2428
797,797,797,0,autoCar,E01,2429
798,798,798,0,traditionCar,E01,2429
799,799,799,0,autoCar,E01,2435
800,800,800,0,traditionCar,E01,2435
801,801,801,0,autoCar,E01,2435
802,802,802,0,autoCar,E01,2437
803,803,803,0,traditionCar,E01,2439
804,804,804,0,autoCar,E01,2439
805,805,805,0,traditionCar,E01,2441
806,806,806,0,traditionCar,E01,2444
807,807,807,0,traditionCar,E01,2448
808,808,808,0,autoCar,E01,2450
809,809,809,0,autoCar,E01,2466
810,810,810,0,autoCar,E01,2466
811,811,811,0,traditionCar,E01,2470
812,812,812,0,autoCar,E01,2470
813,813,813,0,traditionCar,E01,2479
814,814,814,0,autoCar,E01,2479
815,815,815,0,autoCar,E01,2483
816,816,816,0,autoCar,E01,2486
817,817,817,0,autoCar,E01,2488
818,818,818,0,autoCar,E01,2491
819,819,819,0,traditionCar,E01,2492
820,820,820,0,autoCar,E01,2493
821,821,821,0,autoCar,E01,2494
822,822,822,0,autoCar,E01,2496
823,823,823,0,traditionCar,E01,2498
824,824,824,0,autoCar,E01,2500
825,825,825,0,traditionCar,E01,2509
826,826,826,0,traditionCar,E01,2510
827,827,827,0,traditionCar,E01,2514
828,828,828,0,autoCar,E01,2518
829,829,829,0,autoCar,E01,2520
830,830,830,0,autoCar,E01,2537
831,831,831,0,autoCar,E01,2545
832,832,832,0,traditionCar,E01,2546
833,833,833,0,autoCar,E01,2547
834,834,834,0,autoCar,E01,2548
835,835,835,0,autoCar,E01,2554
836,836,836,0,traditionCar,E01,2556
837,837,837,0,traditionCar,E01,2557
838,838,838,0,autoCar,E01,2557
839,839,839,0,traditionCar,E01,2559
840,840,840,0,autoCar,E01,2559
841,841,841,0,traditionCar,E01,2563
842,842,842,0,autoCar,E01,2566
843,843,843,0,autoCar,E01,2569
844,844,844,0,autoCar,E01,2572
845,845,845,0,traditionCar,E01,2576
846,846,846,0,autoCar,E01,2577
847,847,847,0,traditionCar,E01,2577
848,848,848,0,autoCar,E01,2579
849,849,849,0,traditionCar,E01,2579
850,850,850,0,autoCar,E01,2583
851,851,851,0,traditionCar,E01,2584
852,852,852,0,autoCar,E01,2587
853,853,853,0,traditionCar,E01,2587
854,854,854,0,autoCar,E01,2587
855,855,855,0,autoCar,E01,2591
856,856,856,0,traditionCar,E01,2592
857,857,857,0,traditionCar,E01,2594
858,858,858,0,autoCar,E01,2600
859,859,859,0,autoCar,E01,2617
860,860,860,0,traditionCar,E01,2619
861,861,861,0,autoCar,E01,2620
862,862,862,0,traditionCar,E01,2628
863,863,863,0,autoCar,E01,2629
864,864,864,0,autoCar,E01,2630
865,865,865,0,autoCar,E01,2635
866,866,866,0,traditionCar,E01,2638
867,867,867,0,autoCar,E01,2641
868,868,868,0,autoCar,E01,2641
869,869,869,0,traditionCar,E01,2642
870,870,870,0,autoCar,E01,2656
871,871,871,0,traditionCar,E01,2659
872,872,872,0,autoCar,E01,2665
873,873,873,0,traditionCar,E01,2666
874,874,874,0,autoCar,E01,2674
875,875,875,0,traditionCar,E01,2676
876,876,876,0,autoCar,E01,2677
877,877,877,0,autoCar,E01,2677
878,878,878,0,traditionCar,E01,2677
879,879,879,0,autoCar,E01,2686
880,880,880,0,autoCar,E01,2691
881,881,881,0,autoCar,E01,2692
882,882,882,0,autoCar,E01,2697
883,883,883,0,traditionCar,E01,2705
884,884,884,0,autoCar,E01,2705
885,885,885,0,traditionCar,E01,2710
886,886,886,0,autoCar,E01,2710
887,887,887,0,traditionCar,E01,2710
888,888,888,0,traditionCar,E01,2711
889,889,889,0,autoCar,E01,2712
890,890,890,0,autoCar,E01,2713
891,891,891,0,autoCar,E01,2714
892,892,892,0,traditionCar,E01,2727
893,893,893,0,autoCar,E01,2727
894,894,894,0,traditionCar,E01,2732
895,895,895,0,traditionCar,E01,2737
896,896,896,0,autoCar,E01,2739
897,897,897,0,autoCar,E01,2740
898,898,898,0,autoCar,E01,2740
899,899,899,0,traditionCar,E01,2742
900,900,900,0,autoCar,E01,2743
901,901,901,0,autoCar,E01,2750
902,902,902,0,traditionCar,E01,2753
903,903,903,0,traditionCar,E01,2756
904,904,904,0,autoCar,E01,2756
905,905,905,0,autoCar,E01,2758
906,906,906,0,traditionCar,E01,2760
907,907,907,0,autoCar,E01,2761
908,908,908,0,autoCar,E01,2761
909,909,909,0,traditionCar,E01,2762
910,910,910,0,autoCar,E01,2763
911,911,911,0,autoCar,E01,2766
912,912,912,0,autoCar,E01,2766
913,913,913,0,traditionCar,E01,2769
914,914,914,0,autoCar,E01,2771
915,915,915,0,traditionCar,E01,2774
916,916,916,0,traditionCar,E01,2774
917,917,917,0,traditionCar,E01,2778
918,918,918,0,traditionCar,E01,2778
919,919,919,0,autoCar,E01,2778
920,920,920,0,autoCar,E01,2779
921,921,921,0,autoCar,E01,2779
922,922,922,0,traditionCar,E01,2780
923,923,923,0,autoCar,E01,2786
924,924,924,0,traditionCar,E01,2787
925,925,925,0,traditionCar,E01,2787
926,926,926,0,autoCar,E01,2787
927,927,927,0,autoCar,E01,2805
928,928,928,0,autoCar,E01,2806
929,929,929,0,traditionCar,E01,2807
930,930,930,0,traditionCar,E01,2813
931,931,931,0,autoCar,E01,2817
932,932,932,0,autoCar,E01,2818
933,933,933,0,traditionCar,E01,2818
934,934,934,0,traditionCar,E01,2822
935,935,935,0,autoCar,E01,2825
936,936,936,0,autoCar,E01,2832
937,937,937,0,traditionCar,E01,2845
938,938,938,0,autoCar,E01,2845
939,939,939,0,autoCar,E01,2852
940,940,940,0,autoCar,E01,2855
941,941,941,0,autoCar,E01,2864
942,942,942,0,autoCar,E01,2870
943,943,943,0,autoCar,E01,2872
944,944,944,0,autoCar,E01,2872
945,945,945,0,traditionCar,E01,2879
946,946,946,0,autoCar,E01,2881
947,947,947,0,traditionCar,E01,2884
948,948,948,0,autoCar,E01,2887
949,949,949,0,autoCar,E01,2891
950,950,950,0,autoCar,E01,2891
951,951,951,0,autoCar,E01,2898
952,952,952,0,autoCar,E01,2902
953,953,953,0,traditionCar,E01,2903
954,954,954,0,autoCar,E01,2903
955,955,955,0,autoCar,E01,2905
956,956,956,0,traditionCar,E01,2909
957,957,957,0,autoCar,E01,2913
958,958,958,0,autoCar,E01,2919
959,959,959,0,traditionCar,E01,2920
960,960,960,0,traditionCar,E01,2920
961,961,961,0,autoCar,E01,2925
962,962,962,0,traditionCar,E01,2929
963,963,963,0,autoCar,E01,2932
964,964,964,0,autoCar,E01,2935
965,965,965,0,autoCar,E01,2936
966,966,966,0,traditionCar,E01,2940
967,967,967,0,traditionCar,E01,2942
968,968,968,0,autoCar,E01,2942
969,969,969,0,autoCar,E01,2943
970,970,970,0,traditionCar,E01,2943
971,971,971,0,traditionCar,E01,2945
972,972,972,0,autoCar,E01,2945
973,973,973,0,traditionCar,E01,2945
974,974,974,0,traditionCar,E01,2950
975,975,975,0,autoCar,E01,2954
976,976,976,0,traditionCar,E01,2971
977,977,977,0,traditionCar,E01,2975
978,978,978,0,traditionCar,E01,2976
979,979,979,0,autoCar,E01,2982
980,980,980,0,autoCar,E01,2983
981,981,981,0,autoCar,E01,2983
982,982,982,0,traditionCar,E01,2984
983,983,983,0,traditionCar,E01,2984
984,984,984,0,traditionCar,E01,2984
985,985,985,0,autoCar,E01,2987
986,986,986,0,traditionCar,E01,2993
987,987,987,0,traditionCar,E01,3003
988,988,988,0,autoCar,E01,3010
989,989,989,0,traditionCar,E01,3011
990,990,990,0,autoCar,E01,3011
991,991,991,0,autoCar,E01,3011
992,992,992,0,autoCar,E01,3011
993,993,993,0,autoCar,E01,3012
994,994,994,0,autoCar,E01,3014
995,995,995,0,autoCar,E01,3027
996,996,996,0,autoCar,E01,3027
997,997,997,0,autoCar,E01,3030
998,998,998,0,traditionCar,E01,3030
999,999,999,0,autoCar,E01,3031
1000,1000,1000,0,autoCar,E01,3036
1001,1001,1001,0,traditionCar,E01,3043
1002,1002,1002,0,autoCar,E01,3051
1003,1003,1003,0,traditionCar,E01,3052
1004,1004,1004,0,autoCar,E01,3060
1005,1005,1005,0,autoCar,E01,3061
1006,1006,1006,0,autoCar,E01,3068
1007,1007,1007,0,autoCar,E01,3071
1008,1008,1008,0,traditionCar,E01,3071
1009,1009,1009,0,traditionCar,E01,3076
1010,1010,1010,0,autoCar,E01,3076
1011,1011,1011,0,autoCar,E01,3076
1012,1012,1012,0,autoCar,E01,3086
1013,1013,1013,0,traditionCar,E01,3088
1014,1014,1014,0,autoCar,E01,3092
1015,1015,1015,0,autoCar,E01,3095
1016,1016,1016,0,autoCar,E01,3095
1017,1017,1017,0,autoCar,E01,3099
1018,1018,1018,0,autoCar,E01,3105
1019,1019,1019,0,traditionCar,E01,3110
1020,1020,1020,0,autoCar,E01,3114
1021,1021,1021,0,autoCar,E01,3117
1022,1022,1022,0,autoCar,E01,3118
1023,1023,1023,0,traditionCar,E01,3125
1024,1024,1024,0,traditionCar,E01,3125
1025,1025,1025,0,traditionCar,E01,3128
1026,1026,1026,0,traditionCar,E01,3135
1027,1027,1027,0,autoCar,E01,3135
1028,1028,1028,0,traditionCar,E01,3136
1029,1029,1029,0,traditionCar,E01,3143
1030,1030,1030,0,autoCar,E01,3147
1031,1031,1031,0,traditionCar,E01,3153
1032,1032,1032,0,traditionCar,E01,3155
1033,1033,1033,0,autoCar,E01,3155
1034,1034,1034,0,autoCar,E01,3155
1035,1035,1035,0,traditionCar,E01,3162
1036,1036,1036,0,traditionCar,E01,3163
1037,1037,1037,0,traditionCar,E01,3166
1038,1038,1038,0,autoCar,E01,3167
1039,1039,1039,0,traditionCar,E01,3169
1040,1040,1040,0,autoCar,E01,3186
1041,1041,1041,0,traditionCar,E01,3186
1042,1042,1042,0,autoCar,E01,3187
1043,1043,1043,0,traditionCar,E01,3193
1044,1044,1044,0,autoCar,E01,3196
1045,1045,1045,0,autoCar,E01,3197
1046,1046,1046,0,autoCar,E01,3197
1047,1047,1047,0,autoCar,E01,3206
1048,1048,1048,0,traditionCar,E01,3209
1049,1049,1049,0,autoCar,E01,3222
1050,1050,1050,0,traditionCar,E01,3223
1051,1051,1051,0,traditionCar,E01,3224
1052,1052,1052,0,autoCar,E01,3230
1053,1053,1053,0,autoCar,E01,3233
1054,1054,1054,0,autoCar,E01,3239
1055,1055,1055,0,autoCar,E01,3240
1056,1056,1056,0,autoCar,E01,3241
1057,1057,1057,0,traditionCar,E01,3245
1058,1058,1058,0,autoCar,E01,3247
1059,1059,1059,0,autoCar,E01,3254
1060,1060,1060,0,traditionCar,E01,3256
1061,1061,1061,0,traditionCar,E01,3256
1062,1062,1062,0,traditionCar,E01,3267
1063,1063,1063,0,traditionCar,E01,3275
1064,1064,1064,0,autoCar,E01,3275
1065,1065,1065,0,autoCar,E01,3275
1066,1066,1066,0,traditionCar,E01,3277
1067,1067,1067,0,autoCar,E01,3289
1068,1068,1068,0,autoCar,E01,3289
1069,1069,1069,0,autoCar,E01,3291
1070,1070,1070,0,autoCar,E01,3292
1071,1071,1071,0,traditionCar,E01,3295
1072,1072,1072,0,traditionCar,E01,3296
1073,1073,1073,0,traditionCar,E01,3297
1074,1074,1074,0,autoCar,E01,3307
1075,1075,1075,0,traditionCar,E01,3308
1076,1076,1076,0,autoCar,E01,3310
1077,1077,1077,0,traditionCar,E01,3311
1078,1078,1078,0,traditionCar,E01,3312
1079,1079,1079,0,autoCar,E01,3316
1080,1080,1080,0,autoCar,E01,3323
1081,1081,1081,0,autoCar,E01,3330
1082,1082,1082,0,autoCar,E01,3332
1083,1083,1083,0,traditionCar,E01,3333
1084,1084,1084,0,autoCar,E01,3344
1085,1085,1085,0,traditionCar,E01,3347
1086,1086,1086,0,autoCar,E01,3347
1087,1087,1087,0,traditionCar,E01,3347
1088,1088,1088,0,autoCar,E01,3357
1089,1089,1089,0,autoCar,E01,3359
1090,1090,1090,0,traditionCar,E01,3365
1091,1091,1091,0,autoCar,E01,3369
1092,1092,1092,0,autoCar,E01,3371
1093,1093,1093,0,traditionCar,E01,3372
1094,1094,1094,0,traditionCar,E01,3379
1095,1095,1095,0,autoCar,E01,3383
1096,1096,1096,0,autoCar,E01,3384
1097,1097,1097,0,autoCar,E01,3385
1098,1098,1098,0,traditionCar,E01,3385
1099,1099,1099,0,traditionCar,E01,3386
1100,1100,1100,0,autoCar,E01,3388
1101,1101,1101,0,traditionCar,E01,3398
1102,1102,1102,0,autoCar,E01,3403
1103,1103,1103,0,autoCar,E01,3415
1104,1104,1104,0,traditionCar,E01,3415
1105,1105,1105,0,traditionCar,E01,3415
1106,1106,1106,0,traditionCar,E01,3415
1107,1107,1107,0,autoCar,E01,3423
1108,1108,1108,0,autoCar,E01,3436
1109,1109,1109,0,autoCar,E01,3437
1110,1110,1110,0,autoCar,E01,3438
1111,1111,1111,0,autoCar,E01,3438
1112,1112,1112,0,traditionCar,E01,3446
1113,1113,1113,0,autoCar,E01,3448
1114,1114,1114,0,autoCar,E01,3453
1115,1115,1115,0,autoCar,E01,3456
1116,1116,1116,0,autoCar,E01,3465
1117,1117,1117,0,autoCar,E01,3468
1118,1118,1118,0,traditionCar,E01,3470
1119,1119,1119,0,autoCar,E01,3473
1120,1120,1120,0,traditionCar,E01,3475
1121,1121,1121,0,autoCar,E01,3484
1122,1122,1122,0,traditionCar,E01,3485
1123,1123,1123,0,traditionCar,E01,3490
1124,1124,1124,0,autoCar,E01,3498
1125,1125,1125,0,traditionCar,E01,3498
1126,1126,1126,0,autoCar,E01,3498
1127,1127,1127,0,autoCar,E01,3501
1128,1128,1128,0,traditionCar,E01,3504
1129,1129,1129,0,autoCar,E01,3508
1130,1130,1130,0,traditionCar,E01,3510
1131,1131,1131,0,traditionCar,E01,3511
1132,1132,1132,0,autoCar,E01,3511
1133,1133,1133,0,autoCar,E01,3511
1134,1134,1134,0,autoCar,E01,3511
1135,1135,1135,0,autoCar,E01,3512
1136,1136,1136,0,traditionCar,E01,3512
1137,1137,1137,0,traditionCar,E01,3513
1138,1138,1138,0,autoCar,E01,3524
1139,1139,1139,0,traditionCar,E01,3524
1140,1140,1140,0,autoCar,E01,3525
1141,1141,1141,0,autoCar,E01,3529
1142,1142,1142,0,traditionCar,E01,3529
1143,1143,1143,0,autoCar,E01,3532
1144,1144,1144,0,traditionCar,E01,3539
1145,1145,1145,0,autoCar,E01,3548
1146,1146,1146,0,traditionCar,E01,3548
1147,1147,1147,0,autoCar,E01,3548
1148,1148,1148,0,autoCar,E01,3549
1149,1149,1149,0,autoCar,E01,3564
1150,1150,1150,0,autoCar,E01,3565
1151,1151,1151,0,autoCar,E01,3566
1152,1152,1152,0,traditionCar,E01,3566
1153,1153,1153,0,traditionCar,E01,3567
1154,1154,1154,0,autoCar,E01,3568
1155,1155,1155,0,autoCar,E01,3570
1156,1156,1156,0,traditionCar,E01,3571
1157,1157,1157,0,autoCar,E01,3573
1158,1158,1158,0,autoCar,E01,3578
1159,1159,1159,0,autoCar,E01,3579
1160,1160,1160,0,autoCar,E01,3579
1161,1161,1161,0,traditionCar,E01,3580
1162,1162,1162,0,autoCar,E01,3590
1163,1163,1163,0,autoCar,E01,3597
1164,1164,1164,0,traditionCar,E01,3598
